22
327000 4814152 -1312263
-1850682 4766160 9816065
2834051 2107668 -1463537
2240133 -8805176 -6897861
-6611004 1238681 4806484
-3590178 6977785 -7294841
-4463444 -6628052 -5826137
-3642890 -1846393 6136904
325783 -1100342 -2453664
9732586 -3822496 -6926005
-4846913 6504504 7888147
3840823 -5346178 2654308
3656889 7487873 -5238023
-7806648 -271993 -4043200
-4704510 3117002 7195481
-9898025 9526824 4173266
-7192867 -4936619 7545213
-3019004 1420490 -4301179
-6882099 -8253726 4598478
664236 -8521140 -9224017
3738231 -3368054 7280486
1626379 -9527231 -8065691